-1.01839070e+02 -8.12696526e-39  0.00000000e+00
-1.01477550e+02 -1.41782200e-38  0.00000000e+00
-1.00955850e+02 -3.15414872e-38  0.00000000e+00
-1.00330560e+02 -8.17953051e-38  0.00000000e+00
-9.96694420e+01 -2.22577008e-37  0.00000000e+00
-9.90441500e+01 -5.70188168e-37  0.00000000e+00
-9.85224520e+01 -1.24422094e-36  0.00000000e+00
-9.81609320e+01 -2.13145516e-36  0.00000000e+00
-9.80000000e+01 -2.70686243e-36  0.00000000e+00
-9.78390680e+01 -3.43625368e-36  0.00000000e+00
-9.74775480e+01 -5.86452959e-36  0.00000000e+00
-9.69558500e+01 -1.26391493e-35  0.00000000e+00
-9.63305580e+01 -3.15541081e-35  0.00000000e+00
-9.56694420e+01 -8.24805351e-35  0.00000000e+00
-9.50441500e+01 -2.03413828e-34  0.00000000e+00
-9.45224520e+01 -4.30017590e-34  0.00000000e+00
-9.41609320e+01 -7.20643444e-34  0.00000000e+00
-9.40000000e+01 -9.06278567e-34  0.00000000e+00
-9.38390680e+01 -1.13928416e-33  0.00000000e+00
-9.34775480e+01 -1.90211087e-33  0.00000000e+00
-9.29558500e+01 -3.97143874e-33  0.00000000e+00
-9.23305580e+01 -9.54506732e-33  0.00000000e+00
-9.16694420e+01 -2.39674941e-32  0.00000000e+00
-9.10441500e+01 -5.69044413e-32  0.00000000e+00
-9.05224520e+01 -1.16541774e-31  0.00000000e+00
-9.01609320e+01 -1.91061807e-31  0.00000000e+00
-9.00000000e+01 -2.37940090e-31  0.00000000e+00
-8.98390680e+01 -2.96203725e-31  0.00000000e+00
-8.94775480e+01 -4.83785702e-31  0.00000000e+00
-8.89558500e+01 -9.78581800e-31  0.00000000e+00
-8.83305580e+01 -2.26426744e-30  0.00000000e+00
-8.76694420e+01 -5.46169241e-30  0.00000000e+00
-8.70441500e+01 -1.24840016e-29  0.00000000e+00
-8.65224520e+01 -2.47700592e-29  0.00000000e+00
-8.61609320e+01 -3.97267897e-29  0.00000000e+00
-8.60000000e+01 -4.89928356e-29  0.00000000e+00
-8.58390680e+01 -6.03963940e-29  0.00000000e+00
-8.54775480e+01 -9.65026796e-29  0.00000000e+00
-8.49558500e+01 -1.89115365e-28  0.00000000e+00
-8.43305580e+01 -4.21281229e-28  0.00000000e+00
-8.36694420e+01 -9.76216039e-28  0.00000000e+00
-8.30441500e+01 -2.14830264e-27  0.00000000e+00
-8.25224520e+01 -4.12976279e-27  0.00000000e+00
-8.21609320e+01 -6.47977358e-27  0.00000000e+00
-8.20000000e+01 -7.91354218e-27  0.00000000e+00
-8.17586020e+01 -1.06725523e-26  0.00000000e+00
-8.12163220e+01 -2.08293159e-26  0.00000000e+00
-8.04337750e+01 -5.42433111e-26  0.00000000e+00
-7.94958370e+01 -1.68756673e-25  0.00000000e+00
-7.85041630e+01 -5.52257583e-25  0.00000000e+00
-7.75662250e+01 -1.67184698e-24  0.00000000e+00
-7.67836780e+01 -4.17015076e-24  0.00000000e+00
-7.62413980e+01 -7.81418181e-24  0.00000000e+00
-7.60000000e+01 -1.03198678e-23  0.00000000e+00
-7.58390680e+01 -1.24162431e-23  0.00000000e+00
-7.54775480e+01 -1.87844394e-23  0.00000000e+00
-7.49558500e+01 -3.40231125e-23  0.00000000e+00
-7.43305580e+01 -6.89676597e-23  0.00000000e+00
-7.36694420e+01 -1.44656839e-22  0.00000000e+00
-7.30441500e+01 -2.89731948e-22  0.00000000e+00
-7.25224520e+01 -5.14924893e-22  0.00000000e+00
-7.21609320e+01 -7.65210883e-22  0.00000000e+00
-7.20000000e+01 -9.12206962e-22  0.00000000e+00
-7.18390680e+01 -1.08702356e-21  0.00000000e+00
-7.14775480e+01 -1.60948281e-21  0.00000000e+00
-7.09558500e+01 -2.82601617e-21  0.00000000e+00
-7.03305580e+01 -5.51968967e-21  0.00000000e+00
-6.96694420e+01 -1.11326010e-20  0.00000000e+00
-6.90441500e+01 -2.14886800e-20  0.00000000e+00
-6.85224520e+01 -3.70345828e-20  0.00000000e+00
-6.81609320e+01 -5.38783654e-20  0.00000000e+00
-6.80000000e+01 -6.36243605e-20  0.00000000e+00
-6.78390680e+01 -7.51050901e-20  0.00000000e+00
-6.74775480e+01 -1.08873134e-19  0.00000000e+00
-6.69558500e+01 -1.85426861e-19  0.00000000e+00
-6.63305580e+01 -3.49223989e-19  0.00000000e+00
-6.56694420e+01 -6.77864179e-19  0.00000000e+00
-6.50441500e+01 -1.26207671e-18  0.00000000e+00
-6.45224520e+01 -2.11089104e-18  0.00000000e+00
-6.41609320e+01 -3.00803818e-18  0.00000000e+00
-6.40000000e+01 -3.51964771e-18  0.00000000e+00
-6.38390680e+01 -4.11677671e-18  0.00000000e+00
-6.34775480e+01 -5.84615298e-18  0.00000000e+00
-6.29558500e+01 -9.66658079e-18  0.00000000e+00
-6.23305580e+01 -1.75745259e-17  0.00000000e+00
-6.16694420e+01 -3.28717111e-17  0.00000000e+00
-6.10441500e+01 -5.91063744e-17  0.00000000e+00
-6.05224520e+01 -9.60425925e-17  0.00000000e+00
-6.01609320e+01 -1.34160413e-16  0.00000000e+00
-6.00000000e+01 -1.55595560e-16  0.00000000e+00
-5.98390680e+01 -1.80392670e-16  0.00000000e+00
-5.94775480e+01 -2.51152637e-16  0.00000000e+00
-5.89558500e+01 -4.03643581e-16  0.00000000e+00
-5.83305580e+01 -7.09427729e-16  0.00000000e+00
-5.76694420e+01 -1.28059973e-15  0.00000000e+00
-5.70441500e+01 -2.22705188e-15  0.00000000e+00
-5.65224520e+01 -3.51998218e-15  0.00000000e+00
-5.61609320e+01 -4.82403470e-15  0.00000000e+00
-5.60000000e+01 -5.54756715e-15  0.00000000e+00
-5.58390680e+01 -6.37748687e-15  0.00000000e+00
-5.54775480e+01 -8.71234290e-15  0.00000000e+00
-5.49558500e+01 -1.36258661e-14  0.00000000e+00
-5.43305580e+01 -2.31828726e-14  0.00000000e+00
-5.36694420e+01 -4.04423615e-14  0.00000000e+00
-5.30441500e+01 -6.81062673e-14  0.00000000e+00
-5.25224520e+01 -1.04806026e-13  0.00000000e+00
-5.21609320e+01 -1.41003138e-13  0.00000000e+00
-5.20000000e+01 -1.60824303e-13  0.00000000e+00
-5.18390680e+01 -1.83371454e-13  0.00000000e+00
-5.14775480e+01 -2.45930003e-13  0.00000000e+00
-5.09558500e+01 -3.74542826e-13  0.00000000e+00
-5.03305580e+01 -6.17283979e-13  0.00000000e+00
-4.96694420e+01 -1.04121641e-12  0.00000000e+00
-4.90441500e+01 -1.69845061e-12  0.00000000e+00
-4.85224520e+01 -2.54496699e-12  0.00000000e+00
-4.81609320e+01 -3.36116046e-12  0.00000000e+00
-4.80000000e+01 -3.80215245e-12  0.00000000e+00
-4.78390680e+01 -4.29955123e-12  0.00000000e+00
-4.74775480e+01 -5.66018913e-12  0.00000000e+00
-4.69558500e+01 -8.39131738e-12  0.00000000e+00
-4.63305580e+01 -1.33882704e-11  0.00000000e+00
-4.56694420e+01 -2.18161199e-11  0.00000000e+00
-4.50441500e+01 -3.44337249e-11  0.00000000e+00
-4.45224520e+01 -5.01859595e-11  0.00000000e+00
-4.41609320e+01 -6.50125404e-11  0.00000000e+00
-4.40000000e+01 -7.29098820e-11  0.00000000e+00
-4.38390680e+01 -8.17371208e-11  0.00000000e+00
-4.34775480e+01 -1.05522009e-10  0.00000000e+00
-4.29558500e+01 -1.52057458e-10  0.00000000e+00
-4.23305580e+01 -2.34406182e-10  0.00000000e+00
-4.16694420e+01 -3.68169614e-10  0.00000000e+00
-4.10441500e+01 -5.61000000e-10  0.00000000e+00
-4.05224520e+01 -7.93711060e-10  0.00000000e+00
-4.01609320e+01 -1.00707646e-09  0.00000000e+00
-4.00000000e+01 -1.11896962e-09  0.00000000e+00
-3.98390680e+01 -1.24281127e-09  0.00000000e+00
-3.94775480e+01 -1.57106233e-09  0.00000000e+00
-3.89558500e+01 -2.19563960e-09  0.00000000e+00
-3.83305580e+01 -3.26141764e-09  0.00000000e+00
-3.76694420e+01 -4.92304106e-09  0.00000000e+00
-3.70441500e+01 -7.22155021e-09  0.00000000e+00
-3.65224520e+01 -9.89463606e-09  0.00000000e+00
-3.61609320e+01 -1.22763074e-08  0.00000000e+00
-3.60000000e+01 -1.35042561e-08  0.00000000e+00
-3.58390680e+01 -1.48488198e-08  0.00000000e+00
-3.54775480e+01 -1.83496237e-08  0.00000000e+00
-3.49558500e+01 -2.48121732e-08  0.00000000e+00
-3.43305580e+01 -3.54130399e-08  0.00000000e+00
-3.36694420e+01 -5.12211298e-08  0.00000000e+00
-3.30441500e+01 -7.21312034e-08  0.00000000e+00
-3.25224520e+01 -9.54924135e-08  0.00000000e+00
-3.21609320e+01 -1.15670523e-07  0.00000000e+00
-3.20000000e+01 -1.25884057e-07  0.00000000e+00
-3.18390680e+01 -1.36938458e-07  0.00000000e+00
-3.14775480e+01 -1.65171451e-07  0.00000000e+00
-3.09558500e+01 -2.15615073e-07  0.00000000e+00
-3.03305580e+01 -2.94905698e-07  0.00000000e+00
-2.96694420e+01 -4.07582465e-07  0.00000000e+00
-2.90441500e+01 -5.49551104e-07  0.00000000e+00
-2.85224520e+01 -7.01362502e-07  0.00000000e+00
-2.81609320e+01 -8.28093559e-07  0.00000000e+00
-2.80000000e+01 -8.90949619e-07  0.00000000e+00
-2.78390680e+01 -9.58113736e-07  0.00000000e+00
-2.74775480e+01 -1.12603513e-06  0.00000000e+00
-2.69558500e+01 -1.41532904e-06  0.00000000e+00
-2.63305580e+01 -1.84865877e-06  0.00000000e+00
-2.56694420e+01 -2.43112130e-06  0.00000000e+00
-2.50441500e+01 -3.12377398e-06  0.00000000e+00
-2.45224520e+01 -3.82553696e-06  0.00000000e+00
-2.41609320e+01 -4.38641181e-06  0.00000000e+00
-2.40000000e+01 -4.65726118e-06  0.00000000e+00
-2.38390680e+01 -4.94175626e-06  0.00000000e+00
-2.34775480e+01 -5.63268904e-06  0.00000000e+00
-2.29558500e+01 -6.76320198e-06  0.00000000e+00
-2.23305580e+01 -8.33790206e-06  0.00000000e+00
-2.16694420e+01 -1.02695383e-05  0.00000000e+00
-2.10441500e+01 -1.23360302e-05  0.00000000e+00
-2.05224520e+01 -1.42096719e-05  0.00000000e+00
-2.01609320e+01 -1.55643424e-05  0.00000000e+00
-2.00000000e+01 -1.61760359e-05  0.00000000e+00
-1.98390680e+01 -1.67899329e-05  0.00000000e+00
-1.94775480e+01 -1.81633340e-05  0.00000000e+00
-1.89558500e+01 -2.00694681e-05  0.00000000e+00
-1.83305580e+01 -2.20597267e-05  0.00000000e+00
-1.76694420e+01 -2.34913011e-05  0.00000000e+00
-1.70441500e+01 -2.38067584e-05  0.00000000e+00
-1.65224520e+01 -2.29734868e-05  0.00000000e+00
-1.61609320e+01 -2.16630729e-05  0.00000000e+00
-1.60000000e+01 -2.08617495e-05  0.00000000e+00
-1.58390680e+01 -1.99174704e-05  0.00000000e+00
-1.54775480e+01 -1.72508474e-05  0.00000000e+00
-1.49558500e+01 -1.20311738e-05  0.00000000e+00
-1.43305580e+01 -3.77587656e-06  0.00000000e+00
-1.36694420e+01  6.48792077e-06  0.00000000e+00
-1.30441500e+01  1.57410750e-05  0.00000000e+00
-1.25224520e+01  2.07534692e-05  0.00000000e+00
-1.21609320e+01  2.12375472e-05  0.00000000e+00
-1.20000000e+01  2.03126532e-05  0.00000000e+00
-1.18390680e+01  1.85234892e-05  0.00000000e+00
-1.14775480e+01  1.07144987e-05  0.00000000e+00
-1.09558500e+01 -1.22904855e-05  0.00000000e+00
-1.03305580e+01 -6.35280385e-05  0.00000000e+00
-9.66944210e+00 -1.51259717e-04  0.00000000e+00
-9.04415010e+00 -2.66180990e-04  0.00000000e+00
-8.52245230e+00 -3.80466687e-04  0.00000000e+00
-8.16093220e+00 -4.64789281e-04  0.00000000e+00
-8.00000000e+00 -5.02580170e-04  0.00000000e+00
-7.83906780e+00 -5.40058556e-04  0.00000000e+00
-7.47754770e+00 -6.21480503e-04  0.00000000e+00
-6.95584990e+00 -7.27378359e-04  0.00000000e+00
-6.33055790e+00 -8.33055650e-04  0.00000000e+00
-5.66944210e+00 -9.40398717e-04  0.00000000e+00
-5.04415010e+00 -1.09760422e-03  0.00000000e+00
-4.52245230e+00 -1.28479516e-03  0.00000000e+00
-4.16093220e+00 -1.33872943e-03  0.00000000e+00
-4.00000000e+00 -1.29614933e-03  0.00000000e+00
-3.87930090e+00 -1.22628467e-03  0.00000000e+00
-3.60816080e+00 -9.40384379e-04  0.00000000e+00
-3.21688740e+00 -1.73955938e-05  0.00000000e+00
-2.74791840e+00  2.77438586e-03  0.00000000e+00
-2.25208160e+00 -5.97909949e-03  0.00000000e+00
-1.78311260e+00 -1.73629644e-02  0.00000000e+00
-1.39183920e+00 -3.10003715e-02  0.00000000e+00
-1.12069910e+00 -4.83325004e-02  0.00000000e+00
-1.00000000e+00 -5.99699416e-02  0.00000000e+00
-9.79883480e-01 -6.22265533e-02  0.00000000e+00
-9.34693470e-01 -6.76741078e-02  0.00000000e+00
-8.69481240e-01 -7.65602509e-02  0.00000000e+00
-7.91319740e-01 -8.91233162e-02  0.00000000e+00
-7.08680260e-01 -1.05328888e-01  0.00000000e+00
-6.30518760e-01 -1.24160814e-01  0.00000000e+00
-5.65306530e-01 -1.43079836e-01  0.00000000e+00
-5.20116520e-01 -1.58064470e-01  0.00000000e+00
-5.00000000e-01 -1.65121185e-01  0.00000000e+00
-4.89941740e-01 -1.68703132e-01  0.00000000e+00
-4.67346730e-01 -1.76764823e-01  0.00000000e+00
-4.34740620e-01 -1.87840761e-01  0.00000000e+00
-3.95659870e-01 -1.98530709e-01  0.00000000e+00
-3.54340130e-01 -1.91286652e-01  0.00000000e+00
-3.15259380e-01 -1.73146416e-01  0.00000000e+00
-2.82653270e-01 -1.55648406e-01  0.00000000e+00
-2.60058260e-01 -1.43279550e-01  0.00000000e+00
-2.50000000e-01 -1.37833579e-01  0.00000000e+00
-2.39941740e-01 -1.32451941e-01  0.00000000e+00
-2.17346730e-01 -1.20664223e-01  0.00000000e+00
-1.84740620e-01 -1.04558112e-01  0.00000000e+00
-1.45659870e-01 -8.68038037e-02  0.00000000e+00
-1.04340130e-01 -6.97655630e-02  0.00000000e+00
-6.52593810e-02 -5.50954622e-02  0.00000000e+00
-3.26532670e-02 -4.38218195e-02  0.00000000e+00
-1.00582610e-02 -3.64860623e-02  0.00000000e+00
 1.00582610e-02 -3.02624786e-02  0.00000000e+00
 3.26532670e-02 -2.35967275e-02  0.00000000e+00
 6.52593810e-02 -1.45378958e-02  0.00000000e+00
 1.04340130e-01 -4.46736282e-03  0.00000000e+00
 1.45659870e-01  5.35604027e-03  0.00000000e+00
 1.84740620e-01  1.39577487e-02  0.00000000e+00
 2.17346730e-01  2.06668071e-02  0.00000000e+00
 2.39941740e-01  2.50770132e-02  0.00000000e+00
 2.50000000e-01  2.69773139e-02  0.00000000e+00
 2.60058260e-01  2.88381550e-02  0.00000000e+00
 2.82653270e-01  3.28705430e-02  0.00000000e+00
 3.15259380e-01  3.83213787e-02  0.00000000e+00
 3.54340130e-01  4.42689820e-02  0.00000000e+00
 3.95659870e-01  5.04990408e-02  0.00000000e+00
 4.34740620e-01  5.71428058e-02  0.00000000e+00
 4.67346730e-01  6.23475736e-02  0.00000000e+00
 4.89941740e-01  6.58148502e-02  0.00000000e+00
 5.00000000e-01  6.73255749e-02  0.00000000e+00
 5.20116520e-01  7.02934310e-02  0.00000000e+00
 5.65306530e-01  7.67460732e-02  0.00000000e+00
 6.30518760e-01  8.56661920e-02  0.00000000e+00
 7.08680260e-01  9.59704034e-02  0.00000000e+00
 7.91319740e-01  1.06624508e-01  0.00000000e+00
 8.69481240e-01  1.16625020e-01  0.00000000e+00
 9.34693470e-01  1.25007932e-01  0.00000000e+00
 9.79883480e-01  1.30878929e-01  0.00000000e+00
 1.00000000e+00  1.33515885e-01  0.00000000e+00
 1.12069910e+00  1.49765195e-01  0.00000000e+00
 1.39183920e+00  1.90372128e-01  0.00000000e+00
 1.78311260e+00  2.61710846e-01  0.00000000e+00
 2.25208160e+00  3.59562541e-01  0.00000000e+00
 2.74791840e+00  3.94281145e-01  0.00000000e+00
 3.21688740e+00  2.71965860e-01  0.00000000e+00
 3.60816080e+00  1.85978115e-01  0.00000000e+00
 3.87930090e+00  1.40300014e-01  0.00000000e+00
 4.00000000e+00  1.23548581e-01  0.00000000e+00
 4.16093220e+00  1.04333375e-01  0.00000000e+00
 4.52245230e+00  7.16881779e-02  0.00000000e+00
 5.04415010e+00  4.16680320e-02  0.00000000e+00
 5.66944210e+00  2.14071573e-02  0.00000000e+00
 6.33055790e+00  1.06327834e-02  0.00000000e+00
 6.95584990e+00  5.57582607e-03  0.00000000e+00
 7.47754770e+00  3.26495963e-03  0.00000000e+00
 7.83906780e+00  2.24829234e-03  0.00000000e+00
 8.00000000e+00  1.90329182e-03  0.00000000e+00
 8.16093220e+00  1.61131863e-03  0.00000000e+00
 8.52245230e+00  1.11147002e-03  0.00000000e+00
 9.04415010e+00  6.64148223e-04  0.00000000e+00
 9.66944210e+00  3.85787494e-04  0.00000000e+00
 1.03305580e+01  2.48286905e-04  0.00000000e+00
 1.09558500e+01  1.84798780e-04  0.00000000e+00
 1.14775480e+01  1.52877344e-04  0.00000000e+00
 1.18390680e+01  1.35972983e-04  0.00000000e+00
 1.20000000e+01  1.29263779e-04  0.00000000e+00
 1.21609320e+01  1.22927469e-04  0.00000000e+00
 1.25224520e+01  1.09768386e-04  0.00000000e+00
 1.30441500e+01  9.28283079e-05  0.00000000e+00
 1.36694420e+01  7.52218732e-05  0.00000000e+00
 1.43305580e+01  5.96284156e-05  0.00000000e+00
 1.49558500e+01  4.75920777e-05  0.00000000e+00
 1.54775480e+01  3.93772756e-05  0.00000000e+00
 1.58390680e+01  3.45458550e-05  0.00000000e+00
 1.60000000e+01  3.25990826e-05  0.00000000e+00
 1.61609320e+01  3.07686368e-05  0.00000000e+00
 1.65224520e+01  2.70475300e-05  0.00000000e+00
 1.70441500e+01  2.25129274e-05  0.00000000e+00
 1.76694420e+01  1.81381767e-05  0.00000000e+00
 1.83305580e+01  1.44856966e-05  0.00000000e+00
 1.89558500e+01  1.17301266e-05  0.00000000e+00
 1.94775480e+01  9.83457776e-06  0.00000000e+00
 1.98390680e+01  8.69713316e-06  0.00000000e+00
 2.00000000e+01  8.23144778e-06  0.00000000e+00
 2.01609320e+01  7.78883901e-06  0.00000000e+00
 2.05224520e+01  6.87241755e-06  0.00000000e+00
 2.10441500e+01  5.71963398e-06  0.00000000e+00
 2.16694420e+01  4.56425840e-06  0.00000000e+00
 2.23305580e+01  3.56799574e-06  0.00000000e+00
 2.29558500e+01  2.80403155e-06  0.00000000e+00
 2.34775480e+01  2.27883963e-06  0.00000000e+00
 2.38390680e+01  1.96684947e-06  0.00000000e+00
 2.40000000e+01  1.84033679e-06  0.00000000e+00
 2.41609320e+01  1.72095231e-06  0.00000000e+00
 2.45224520e+01  1.47706076e-06  0.00000000e+00
 2.50441500e+01  1.17846269e-06  0.00000000e+00
 2.56694420e+01  8.91515641e-07  0.00000000e+00
 2.63305580e+01  6.57132007e-07  0.00000000e+00
 2.69558500e+01  4.87757998e-07  0.00000000e+00
 2.74775480e+01  3.77646652e-07  0.00000000e+00
 2.78390680e+01  3.15069186e-07  0.00000000e+00
 2.80000000e+01  2.90359732e-07  0.00000000e+00
 2.81609320e+01  2.67418410e-07  0.00000000e+00
 2.85224520e+01  2.21759706e-07  0.00000000e+00
 2.90441500e+01  1.68290721e-07  0.00000000e+00
 2.96694420e+01  1.19814361e-07  0.00000000e+00
 3.03305580e+01  8.27427078e-08  0.00000000e+00
 3.09558500e+01  5.76784824e-08  0.00000000e+00
 3.14775480e+01  4.23338310e-08  0.00000000e+00
 3.18390680e+01  3.40122024e-08  0.00000000e+00
 3.20000000e+01  3.08169826e-08  0.00000000e+00
 3.21609320e+01  2.79005126e-08  0.00000000e+00
 3.25224520e+01  2.22524575e-08  0.00000000e+00
 3.30441500e+01  1.59404341e-08  0.00000000e+00
 3.36694420e+01  1.05618934e-08  0.00000000e+00
 3.43305580e+01  6.73328671e-09  0.00000000e+00
 3.49558500e+01  4.33071850e-09  0.00000000e+00
 3.54775480e+01  2.95860712e-09  0.00000000e+00
 3.58390680e+01  2.25497245e-09  0.00000000e+00
 3.60000000e+01  1.99389977e-09  0.00000000e+00
 3.61609320e+01  1.76058385e-09  0.00000000e+00
 3.65224520e+01  1.32398833e-09  0.00000000e+00
 3.70441500e+01  8.64710549e-10  0.00000000e+00
 3.76694420e+01  5.04933419e-10  0.00000000e+00
 3.83305580e+01  2.74137121e-10  0.00000000e+00
 3.89558500e+01  1.45432062e-10  0.00000000e+00
 3.94775480e+01  8.03733548e-11  0.00000000e+00
 3.98390680e+01  5.04654507e-11  0.00000000e+00
 4.00000000e+01  4.01516910e-11  0.00000000e+00
 4.01609320e+01  3.13650115e-11  0.00000000e+00
 4.05224520e+01  1.62307914e-11  0.00000000e+00
 4.10441500e+01  2.74942961e-12  0.00000000e+00
 4.16694420e+01 -5.11176328e-12  0.00000000e+00
 4.23305580e+01 -7.94156737e-12  0.00000000e+00
 4.29558500e+01 -8.03939993e-12  0.00000000e+00
 4.34775480e+01 -7.25352260e-12  0.00000000e+00
 4.38390680e+01 -6.51705177e-12  0.00000000e+00
 4.40000000e+01 -6.16970404e-12  0.00000000e+00
 4.41609320e+01 -5.81902383e-12  0.00000000e+00
 4.45224520e+01 -5.04175125e-12  0.00000000e+00
 4.50441500e+01 -4.00140061e-12  0.00000000e+00
 4.56694420e+01 -2.94373986e-12  0.00000000e+00
 4.63305580e+01 -2.06856418e-12  0.00000000e+00
 4.69558500e+01 -1.44950061e-12  0.00000000e+00
 4.74775480e+01 -1.06241561e-12  0.00000000e+00
 4.78390680e+01 -8.50945718e-13  0.00000000e+00
 4.80000000e+01 -7.69627311e-13  0.00000000e+00
 4.81609320e+01 -6.95405603e-13  0.00000000e+00
 4.85224520e+01 -5.51853301e-13  0.00000000e+00
 4.90441500e+01 -3.92196706e-13  0.00000000e+00
 4.96694420e+01 -2.57501152e-13  0.00000000e+00
 5.03305580e+01 -1.62979839e-13  0.00000000e+00
 5.09558500e+01 -1.04577446e-13  0.00000000e+00
 5.14775480e+01 -7.16610080e-14  0.00000000e+00
 5.18390680e+01 -5.49285101e-14  0.00000000e+00
 5.20000000e+01 -4.87467312e-14  0.00000000e+00
 5.21609320e+01 -4.32338904e-14  0.00000000e+00
 5.25224520e+01 -3.29437789e-14  0.00000000e+00
 5.30441500e+01 -2.21368654e-14  0.00000000e+00
 5.36694420e+01 -1.36363527e-14  0.00000000e+00
 5.43305580e+01 -8.09537605e-15  0.00000000e+00
 5.49558500e+01 -4.90220664e-15  0.00000000e+00
 5.54775480e+01 -3.20619442e-15  0.00000000e+00
 5.58390680e+01 -2.38133918e-15  0.00000000e+00
 5.60000000e+01 -2.08430708e-15  0.00000000e+00
 5.61609320e+01 -1.82340188e-15  0.00000000e+00
 5.65224520e+01 -1.34777447e-15  0.00000000e+00
 5.70441500e+01 -8.67512233e-16  0.00000000e+00
 5.76694420e+01 -5.08161557e-16  0.00000000e+00
 5.83305580e+01 -2.86416325e-16  0.00000000e+00
 5.89558500e+01 -1.65311628e-16  0.00000000e+00
 5.94775480e+01 -1.03949117e-16  0.00000000e+00
 5.98390680e+01 -7.51568810e-17  0.00000000e+00
 6.00000000e+01 -6.50049086e-17  0.00000000e+00
 6.01609320e+01 -5.61986972e-17  0.00000000e+00
 6.05224520e+01 -4.04568345e-17  0.00000000e+00
 6.10441500e+01 -2.50772979e-17  0.00000000e+00
 6.16694420e+01 -1.40490432e-17  0.00000000e+00
 6.23305580e+01 -7.55880510e-18  0.00000000e+00
 6.29558500e+01 -4.17736810e-18  0.00000000e+00
 6.34775480e+01 -2.53425583e-18  0.00000000e+00
 6.38390680e+01 -1.78767846e-18  0.00000000e+00
 6.40000000e+01 -1.52939523e-18  0.00000000e+00
 6.41609320e+01 -1.30787038e-18  0.00000000e+00
 6.45224520e+01 -9.18830598e-19  0.00000000e+00
 6.50441500e+01 -5.49962205e-19  0.00000000e+00
 6.56694420e+01 -2.95550858e-19  0.00000000e+00
 6.63305580e+01 -1.52226622e-19  0.00000000e+00
 6.69558500e+01 -8.07516755e-20  0.00000000e+00
 6.74775480e+01 -4.73530712e-20  0.00000000e+00
 6.78390680e+01 -3.26294663e-20  0.00000000e+00
 6.80000000e+01 -2.76262001e-20  0.00000000e+00
 6.81609320e+01 -2.33804943e-20  0.00000000e+00
 6.85224520e+01 -1.60476447e-20  0.00000000e+00
 6.90441500e+01 -9.28901554e-21  0.00000000e+00
 6.96694420e+01 -4.79647955e-21  0.00000000e+00
 7.03305580e+01 -2.36879338e-21  0.00000000e+00
 7.09558500e+01 -1.20780824e-21  0.00000000e+00
 7.14775480e+01 -6.85335426e-22  0.00000000e+00
 7.18390680e+01 -4.61622169e-22  0.00000000e+00
 7.20000000e+01 -3.86907142e-22  0.00000000e+00
 7.21609320e+01 -3.24154407e-22  0.00000000e+00
 7.25224520e+01 -2.17503841e-22  0.00000000e+00
 7.30441500e+01 -1.21857516e-22  0.00000000e+00
 7.36694420e+01 -6.05148528e-23  0.00000000e+00
 7.43305580e+01 -2.86813973e-23  0.00000000e+00
 7.49558500e+01 -1.40674007e-23  0.00000000e+00
 7.54775480e+01 -7.72826966e-24  0.00000000e+00
 7.58390680e+01 -5.09040501e-24  0.00000000e+00
 7.60000000e+01 -4.22427190e-24  0.00000000e+00
 7.62413980e+01 -3.19100150e-24  0.00000000e+00
 7.67836780e+01 -1.69371528e-24  0.00000000e+00
 7.75662250e+01 -6.73623253e-25  0.00000000e+00
 7.85041630e+01 -2.20348924e-25  0.00000000e+00
 7.94958370e+01 -6.66255663e-26  0.00000000e+00
 8.04337750e+01 -2.11988031e-26  0.00000000e+00
 8.12163220e+01 -8.07068883e-27  0.00000000e+00
 8.17586020e+01 -4.11053423e-27  0.00000000e+00
 8.20000000e+01 -3.03973688e-27  0.00000000e+00
 8.21609320e+01 -2.48454399e-27  0.00000000e+00
 8.25224520e+01 -1.57710037e-27  0.00000000e+00
 8.30441500e+01 -8.15624792e-28  0.00000000e+00
 8.36694420e+01 -3.68030008e-28  0.00000000e+00
 8.43305580e+01 -1.57638302e-28  0.00000000e+00
 8.49558500e+01 -7.02639476e-29  0.00000000e+00
 8.54775480e+01 -3.56421685e-29  0.00000000e+00
 8.58390680e+01 -2.22148503e-29  0.00000000e+00
 8.60000000e+01 -1.79873069e-29  0.00000000e+00
 8.61609320e+01 -1.45585353e-29  0.00000000e+00
 8.65224520e+01 -9.03990087e-30  0.00000000e+00
 8.70441500e+01 -4.52889352e-30  0.00000000e+00
 8.76694420e+01 -1.96718533e-30  0.00000000e+00
 8.83305580e+01 -8.09357792e-31  0.00000000e+00
 8.89558500e+01 -3.47279213e-31  0.00000000e+00
 8.94775480e+01 -1.70654984e-31  0.00000000e+00
 8.98390680e+01 -1.04050052e-31  0.00000000e+00
 9.00000000e+01 -8.34279261e-32  0.00000000e+00
 9.01609320e+01 -6.68666438e-32  0.00000000e+00
 9.05224520e+01 -4.06163599e-32  0.00000000e+00
 9.10441500e+01 -1.97125501e-32  0.00000000e+00
 9.16694420e+01 -8.24277365e-33  0.00000000e+00
 9.23305580e+01 -3.25762553e-33  0.00000000e+00
 9.29558500e+01 -1.34561195e-33  0.00000000e+00
 9.34775480e+01 -6.40587153e-34  0.00000000e+00
 9.38390680e+01 -3.82077661e-34  0.00000000e+00
 9.40000000e+01 -3.03367968e-34  0.00000000e+00
 9.41609320e+01 -2.40777995e-34  0.00000000e+00
 9.45224520e+01 -1.43073420e-34  0.00000000e+00
 9.50441500e+01 -6.72699266e-35  0.00000000e+00
 9.56694420e+01 -2.70792175e-35  0.00000000e+00
 9.63305580e+01 -1.02802338e-35  0.00000000e+00
 9.69558500e+01 -4.08796801e-36  0.00000000e+00
 9.74775480e+01 -1.88533279e-36  0.00000000e+00
 9.78390680e+01 -1.10005399e-36  0.00000000e+00
 9.80000000e+01 -8.64932150e-37  0.00000000e+00
 9.81609320e+01 -6.79796772e-37  0.00000000e+00
 9.85224520e+01 -3.95160982e-37  0.00000000e+00
 9.90441500e+01 -1.79994391e-37  0.00000000e+00
 9.96694420e+01 -6.97527902e-38  0.00000000e+00
 1.00330560e+02 -2.54371722e-38  0.00000000e+00
 1.00955850e+02 -9.73783877e-39  0.00000000e+00
 1.01477550e+02 -4.35076308e-39  0.00000000e+00
 1.01839070e+02 -2.48338995e-39  0.00000000e+00
